# Number of nodes: 1000
# Number of edges in Barabasi graph: 3
# Graph 	 Probability 	 Different initial 	 Similar Initial
1	0.1	18.9044	18.4275
1	0.2	68.918	37.4814
1	0.3	66.6311	44.8949
1	0.4	62.7082	51.902
1	0.5	71.8534	56.6054
2	0.1	20.9609	13.7981
2	0.2	56.6846	35.5291
2	0.3	58.2743	56.0165
2	0.4	73.4084	48.2089
2	0.5	62.8547	60.291
3	0.1	18.8002	16.8294
3	0.2	51.3563	33.1324
3	0.3	80.0696	55.7984
3	0.4	66.7309	55.9601
3	0.5	78.4962	59.0956
4	0.1	33.2488	19.4355
4	0.2	48.313	33.9232
4	0.3	64.629	57.9329
4	0.4	78.9834	45.8686
4	0.5	51.4502	58.931
5	0.1	34.2387	10.6712
5	0.2	46.9971	37.6135
5	0.3	60.2736	46.4737
5	0.4	77.54	54.48
5	0.5	60.1602	49.5603
6	0.1	23.9252	13.3528
6	0.2	46.823	47.1249
6	0.3	58.9007	45.9587
6	0.4	44.9251	41.8147
6	0.5	71.8024	53.7362
7	0.1	25.0053	15.4368
7	0.2	51.6431	31.7997
7	0.3	63.894	56.5894
7	0.4	72.1995	49.5639
7	0.5	70.6475	42.6944
8	0.1	22.5769	7.5539
8	0.2	57.8768	35.9237
8	0.3	63.6918	51.2634
8	0.4	70.4194	57.3566
8	0.5	49.3213	44.3348
9	0.1	15.6185	13.0835
9	0.2	48.8415	41.2541
9	0.3	52.7541	34.7264
9	0.4	62.9836	55.0879
9	0.5	64.8433	48.836
10	0.1	20.8364	11.6667
10	0.2	52.3377	49.6497
10	0.3	55.9451	49.3256
10	0.4	65.2901	51.7081
10	0.5	50.2514	48.1634
11	0.1	24.1099	9.0206
11	0.2	48.3482	25.545
11	0.3	80.7876	48.2793
11	0.4	80.2642	44.8377
11	0.5	57.5226	48.6546
12	0.1	25.2229	11.7247
12	0.2	43.422	28.7405
12	0.3	72.8725	58.3367
12	0.4	68.5651	48.3292
12	0.5	54.4561	53.2598
13	0.1	24.9952	27.2991
13	0.2	62.6496	27.4426
13	0.3	52.0417	47.4564
13	0.4	52.7818	56.5062
13	0.5	61.9331	54.9265
14	0.1	35.1406	9.9722
14	0.2	55.0828	45.1166
14	0.3	62.9845	45.7574
14	0.4	61.5462	51.9115
14	0.5	67.3263	52.0254
15	0.1	24.746	9.1508
15	0.2	72.7727	30.1216
15	0.3	67.9776	60.5232
15	0.4	65.7676	38.4074
15	0.5	69.2066	48.2453
16	0.1	30.9925	15.0869
16	0.2	62.151	43.5814
16	0.3	72.5899	45.9571
16	0.4	70.065	59.2732
16	0.5	64.855	57.5843
17	0.1	18.3468	8.817
17	0.2	45.1477	38.0426
17	0.3	53.2642	52.832
17	0.4	72.2504	49.5069
17	0.5	55.2116	63.7065
18	0.1	21.0437	15.6473
18	0.2	60.6304	25.7271
18	0.3	67.5737	45.0671
18	0.4	75.1493	33.5871
18	0.5	61.172	53.0072
19	0.1	21.6257	16.5671
19	0.2	52.6527	41.974
19	0.3	65.4702	52.5379
19	0.4	70.7907	50.8237
19	0.5	54.4932	37.2182
20	0.1	25.659	13.0675
20	0.2	62.1296	41.4772
20	0.3	61.2235	61.6013
20	0.4	66.5983	40.973
20	0.5	59.842	40.5598
21	0.1	39.6895	16.6354
21	0.2	63.733	40.4283
21	0.3	59.6641	59.8287
21	0.4	49.0706	45.1174
21	0.5	65.7729	43.766
22	0.1	22.7865	11.8558
22	0.2	75.391	42.7258
22	0.3	77.2287	44.7341
22	0.4	67.1499	58.9005
22	0.5	54.4332	46.8483
23	0.1	29.4805	14.8262
23	0.2	46.9889	52.7035
23	0.3	80.1857	59.0851
23	0.4	63.0005	54.4814
23	0.5	69.2235	46.1148
24	0.1	40.2733	9.8475
24	0.2	73.0132	41.5225
24	0.3	63.6789	55.5795
24	0.4	71.8653	61.5945
24	0.5	67.2439	58.792
25	0.1	19.9732	20.2247
25	0.2	66.5605	36.6
25	0.3	58.4538	47.4881
25	0.4	56.8319	53.6131
25	0.5	53.3098	54.0762
26	0.1	31.5629	19.6603
26	0.2	57.8971	39.3503
26	0.3	74.6979	57.2005
26	0.4	51.4335	42.5109
26	0.5	65.882	56.999
27	0.1	29.109	17.7517
27	0.2	50.2591	32.0893
27	0.3	51.8831	41.0897
27	0.4	54.6308	52.2667
27	0.5	59.1495	51.6366
28	0.1	20.1671	14.6794
28	0.2	53.8246	35.7637
28	0.3	75.6619	57.6708
28	0.4	63.7517	53.2726
28	0.5	80.2934	64.8072
29	0.1	21.0008	12.0503
29	0.2	58.1318	41.2768
29	0.3	57.9067	33.2057
29	0.4	75.1064	43.6914
29	0.5	51.8642	47.3669
30	0.1	19.487	33.5935
30	0.2	73.8694	28.944
30	0.3	65.9382	53.6822
30	0.4	64.2962	39.2096
30	0.5	78.945	54.7638
31	0.1	18.4101	14.0241
31	0.2	52.0191	47.0213
31	0.3	68.383	46.1003
31	0.4	66.223	43.8273
31	0.5	56.8648	51.3608
32	0.1	24.6146	13.6878
32	0.2	48.3003	42.733
32	0.3	54.6692	49.2278
32	0.4	59.72	51.5345
32	0.5	70.8523	52.5114
33	0.1	19.7755	12.4301
33	0.2	53.6057	32.7688
33	0.3	73.0229	51.3453
33	0.4	63.9378	57.9942
33	0.5	57.1657	57.7088
34	0.1	32.7971	19.2349
34	0.2	57.4819	34.3322
34	0.3	57.128	47.5473
34	0.4	74.0418	42.5227
34	0.5	64.9165	52.9175
35	0.1	32.9475	15.7082
35	0.2	51.991	42.0889
35	0.3	71.1169	43.7307
35	0.4	68.0525	52.5176
35	0.5	70.1205	50.0697
36	0.1	22.6358	26.2751
36	0.2	69.7963	44.9671
36	0.3	53.7076	53.1085
36	0.4	67.6511	57.0294
36	0.5	66.5827	58.8454
37	0.1	20.3602	7.9447
37	0.2	57.7529	38.3827
37	0.3	73.9362	47.9379
37	0.4	61.7097	61.4624
37	0.5	68.4839	46.3144
38	0.1	15.7312	12.5947
38	0.2	75.8188	38.7
38	0.3	58.2603	44.9749
38	0.4	46.9881	57.4289
38	0.5	75.7044	60.9063
39	0.1	34.5022	8.8942
39	0.2	74.9469	53.1132
39	0.3	56.0457	38.8466
39	0.4	62.1386	48.6863
39	0.5	50.3991	50.6194
40	0.1	23.9866	14.2551
40	0.2	46.5271	43.8131
40	0.3	71.3861	49.8163
40	0.4	63.288	57.6203
40	0.5	66.524	44.7139
41	0.1	17.2671	14.2588
41	0.2	67.6035	39.4268
41	0.3	63.2539	35.616
41	0.4	56.8506	40.2929
41	0.5	64.9075	53.0282
42	0.1	17.5497	17.5152
42	0.2	71.6015	41.9923
42	0.3	50.978	36.2131
42	0.4	70.8696	50.5899
42	0.5	50.2777	48.2375
43	0.1	39.305	21.8791
43	0.2	60.371	35.9286
43	0.3	60.0096	58.0214
43	0.4	57.6888	55.1549
43	0.5	63.157	48.6833
44	0.1	33.8505	10.0456
44	0.2	64.8862	49.6727
44	0.3	67.2661	56.2155
44	0.4	72.2316	40.8603
44	0.5	56.0423	46.1851
45	0.1	23.079	13.9505
45	0.2	52.283	37.8269
45	0.3	75.1921	60.4374
45	0.4	65.414	48.593
45	0.5	65.0813	39.4304
46	0.1	18.2812	11.0947
46	0.2	54.4761	39.5444
46	0.3	66.8345	41.4842
46	0.4	60.7293	57.0144
46	0.5	60.5658	45.4616
47	0.1	23.1951	17.2598
47	0.2	60.2115	36.7495
47	0.3	73.2346	42.5499
47	0.4	60.5106	53.2368
47	0.5	55.0961	50.4713
48	0.1	40.6765	13.5771
48	0.2	49.6112	35.9576
48	0.3	59.1807	54.5221
48	0.4	68.1894	48.0625
48	0.5	67.0198	61.074
49	0.1	27.7749	13.7885
49	0.2	66.3045	56.3726
49	0.3	55.563	56.8933
49	0.4	64.3182	47.3193
49	0.5	66.2324	53.4997
50	0.1	24.7351	21.1725
50	0.2	53.1577	45.7978
50	0.3	79.6933	39.8924
50	0.4	67.665	53.5255
50	0.5	73.2956	33.9963
51	0.1	37.8774	14.5193
51	0.2	51.6784	31.3075
51	0.3	56.637	42.4435
51	0.4	70.7411	54.6914
51	0.5	59.901	44.207
52	0.1	29.2855	14.3952
52	0.2	55.2869	43.3436
52	0.3	58.7436	49.1068
52	0.4	66.6089	58.5654
52	0.5	68.4007	51.892
53	0.1	21.9576	15.3513
53	0.2	55.6467	40.4714
53	0.3	66.4649	51.6994
53	0.4	64.7289	69.1226
53	0.5	63.2526	62.61
54	0.1	16.9133	13.7164
54	0.2	71.2327	54.023
54	0.3	59.0647	46.9172
54	0.4	51.5372	46.921
54	0.5	67.6244	59.486
55	0.1	18.6298	12.6439
55	0.2	53.1772	37.8367
55	0.3	60.4705	37.7522
55	0.4	51.2456	45.9192
55	0.5	62.7337	51.4419
56	0.1	31.3891	13.7087
56	0.2	50.0997	48.8589
56	0.3	79.0375	36.7228
56	0.4	62.457	64.2304
56	0.5	59.2251	41.5838
57	0.1	26.0995	16.8512
57	0.2	35.4848	34.5981
57	0.3	54.2102	46.0667
57	0.4	75.1625	54.4512
57	0.5	62.5061	57.122
58	0.1	22.6054	16.9734
58	0.2	50.923	33.1991
58	0.3	57.4361	55.532
58	0.4	66.1583	52.3339
58	0.5	50.4965	51.6857
59	0.1	23.0359	20.8067
59	0.2	46.7515	49.9714
59	0.3	81.4082	36.7676
59	0.4	70.11	44.4988
59	0.5	53.0015	49.1685
60	0.1	30.1861	12.5638
60	0.2	51.2644	49.1481
60	0.3	68.3558	54.9312
60	0.4	66.5379	44.7269
60	0.5	43.9266	47.2804
61	0.1	24.889	12.9518
61	0.2	62.7905	34.3939
61	0.3	57.9576	53.7711
61	0.4	67.691	49.1899
61	0.5	61.36	45.1982
62	0.1	16.5771	16.1404
62	0.2	46.7373	34.3072
62	0.3	78.7354	38.7365
62	0.4	56.9655	55.2324
62	0.5	64.7301	64.69
63	0.1	25.7387	12.5617
63	0.2	46.7935	36.8557
63	0.3	51.4441	43.6122
63	0.4	64.0056	52.9059
63	0.5	58.6069	62.5847
64	0.1	36.2247	15.1215
64	0.2	70.9056	38.175
64	0.3	73.392	46.8748
64	0.4	48.3897	56.3395
64	0.5	60.2107	50.9437
65	0.1	17.637	17.7674
65	0.2	70.4793	35.0702
65	0.3	56.6763	47.8069
65	0.4	82.6333	48.0083
65	0.5	61.231	51.6381
66	0.1	24.779	13.7062
66	0.2	48.7208	42.2982
66	0.3	51.9763	56.9617
66	0.4	62.0506	46.8174
66	0.5	59.7865	56.8003
67	0.1	39.5611	8.4776
67	0.2	62.7401	42.0235
67	0.3	60.1288	46.1802
67	0.4	52.2195	55.0229
67	0.5	65.0057	54.1048
68	0.1	25.586	13.5386
68	0.2	46.4896	40.0305
68	0.3	67.517	69.1411
68	0.4	59.5341	54.7508
68	0.5	57.9029	47.9284
69	0.1	41.7107	13.6284
69	0.2	53.5262	28.6505
69	0.3	72.8089	47.6254
69	0.4	69.2013	53.1971
69	0.5	61.585	40.2124
70	0.1	29.0388	12.1279
70	0.2	52.2463	29.8962
70	0.3	66.1847	47.1322
70	0.4	63.812	55.7897
70	0.5	60.2312	43.4554
71	0.1	17.5814	9.261
71	0.2	60.4548	29.6068
71	0.3	59.2584	35.9552
71	0.4	47.6796	48.8468
71	0.5	51.5782	39.5877
72	0.1	23.801	14.0771
72	0.2	68.0416	37.4408
72	0.3	61.5772	54.9778
72	0.4	65.8907	52.2591
72	0.5	57.7175	40.366
73	0.1	22.8548	17.3816
73	0.2	48.9574	54.2753
73	0.3	78.0617	39.2593
73	0.4	47.8276	52.0684
73	0.5	69.542	52.0974
74	0.1	29.0284	25.0132
74	0.2	66.921	42.8681
74	0.3	54.3007	50.4244
74	0.4	66.6935	54.0724
74	0.5	66.5546	55.1765
75	0.1	18.9486	10.6997
75	0.2	65.3994	39.7796
75	0.3	60.5529	50.331
75	0.4	74.2773	44.5185
75	0.5	48.6873	48.0826
76	0.1	30.452	12.5227
76	0.2	55.1406	48.0496
76	0.3	66.771	50.3537
76	0.4	81.1542	45.9754
76	0.5	49.5509	53.5726
77	0.1	35.5783	13.6119
77	0.2	54.6901	35.7754
77	0.3	78.2486	47.4562
77	0.4	64.8077	50.2829
77	0.5	71.9911	34.4434
78	0.1	18.1965	15.291
78	0.2	50.8298	38.4931
78	0.3	64.1617	47.9321
78	0.4	70.9062	49.0404
78	0.5	70.7745	37.6933
79	0.1	21.2258	14.1372
79	0.2	51.4209	39.6688
79	0.3	64.3212	48.7507
79	0.4	72.9834	45.6827
79	0.5	74.1886	50.7471
80	0.1	21.5471	8.1558
80	0.2	49.1431	32.4454
80	0.3	64.1561	57.6682
80	0.4	54.841	59.5997
80	0.5	66.2576	55.3533
81	0.1	18.4282	13.2843
81	0.2	59.6074	52.127
81	0.3	71.9975	47.9586
81	0.4	60.5846	51.8075
81	0.5	61.778	48.2605
82	0.1	23.4053	12.1253
82	0.2	54.3219	39.4638
82	0.3	60.7312	54.4724
82	0.4	68.8747	47.3821
82	0.5	64.1361	49.084
83	0.1	13.6856	8.0124
83	0.2	54.3733	33.1364
83	0.3	55.5345	41.5322
83	0.4	64.4826	50.0366
83	0.5	49.283	52.8165
84	0.1	21.1121	14.0613
84	0.2	62.553	35.5161
84	0.3	56.5648	40.4399
84	0.4	54.8988	40.7655
84	0.5	52.6945	46.0471
85	0.1	19.7752	8.3465
85	0.2	68.0498	35.2139
85	0.3	53.3082	43.2775
85	0.4	71.8972	50.1668
85	0.5	52.3086	48.8582
86	0.1	21.0138	11.602
86	0.2	63.6035	41.9914
86	0.3	59.5893	39.2152
86	0.4	66.1137	42.9796
86	0.5	57.4436	44.723
87	0.1	24.178	15.17
87	0.2	56.9329	45.8236
87	0.3	70.8188	44.1487
87	0.4	60.3316	51.9914
87	0.5	62.2497	50.704
88	0.1	19.1405	12.6021
88	0.2	50.0322	39.5516
88	0.3	68.07	37.5417
88	0.4	79.6088	52.267
88	0.5	56.5117	64.3836
89	0.1	17.8666	8.4159
89	0.2	59.9086	40.0893
89	0.3	60.8268	55.7251
89	0.4	61.1283	54.2801
89	0.5	60.8477	43.5633
90	0.1	15.3032	12.5473
90	0.2	58.0979	34.204
90	0.3	68.6005	37.097
90	0.4	58.2824	48.7239
90	0.5	67.8294	53.0444
91	0.1	25.7473	13.5327
91	0.2	55.8714	50.9329
91	0.3	62.5275	51.8644
91	0.4	57.8548	54.7907
91	0.5	46.1072	44.1976
92	0.1	26.5852	12.9069
92	0.2	74.235	41.3453
92	0.3	66.2542	59.3
92	0.4	65.4787	34.646
92	0.5	60.0377	56.529
93	0.1	22.2266	14.1482
93	0.2	57.1658	46.1198
93	0.3	63.0964	63.852
93	0.4	71.0367	53.0554
93	0.5	60.6644	42.0543
94	0.1	22.7297	10.3964
94	0.2	65.0297	32.3392
94	0.3	70.9581	46.114
94	0.4	61.1004	44.1797
94	0.5	62.0718	50.3971
95	0.1	21.5579	15.6146
95	0.2	59.2674	39.4043
95	0.3	66.1181	51.3865
95	0.4	70.7268	48.2574
95	0.5	70.5557	43.5015
96	0.1	18.1689	13.4167
96	0.2	58.0961	50.1447
96	0.3	54.8659	41.3142
96	0.4	58.1927	48.496
96	0.5	64.6977	45.0023
97	0.1	19.0264	8.3914
97	0.2	62.7096	33.4197
97	0.3	74.2409	52.867
97	0.4	82.3963	49.9702
97	0.5	57.4752	42.8254
98	0.1	20.017	5.4971
98	0.2	59.1435	40.9693
98	0.3	72.6577	42.5456
98	0.4	75.292	58.9985
98	0.5	65.4195	55.8825
99	0.1	32.0372	14.3212
99	0.2	50.6261	34.3829
99	0.3	64.1159	45.3709
99	0.4	75.2196	38.8142
99	0.5	63.0886	42.1867
100	0.1	25.2212	11.84
100	0.2	50.0931	42.4994
100	0.3	69.9347	44.9301
100	0.4	52.4812	57.5555
100	0.5	74.0012	45.3494
